RESULTSET_BEGIN
92224 1 0 0
-355359.705797 0.000000 24229.348329
229430.745102 5781.466932 -2454.694382
5781.466932 226184.623759 -7867.535225
-2454.694382 -7867.535225 252281.168869
0.000000 0.000000 0.000000
0.000000 0.000000 0.000000
0.000000 0.000000 0.000000
0.000000 -0.000000 0.000000 24.034240
0.000000 0.000000 0.000000 0.000000
0.000000 -0.000000 0.000000 24.034240
RESULTSET_END
RESULTSET_BEGIN
92224 1 1 0
-355359.705797 1175488.426964 24229.348329
229430.745102 5781.466932 -2454.694382
5781.466932 226184.623759 -7867.535225
-2454.694382 -7867.535225 252281.168869
5180.324284 277.843622 -1135.837232
277.843622 2960.457709 -681.816292
-1135.837232 -681.816292 4515.105462
0.000000 -0.000000 0.000000 24.034240
-0.000000 -0.000000 0.000000 0.654402
0.000000 -0.000000 0.000000 24.079992
RESULTSET_END
RESULTSET_BEGIN
92224 1 1 1
0.000000 820128.721167 24229.348329
0.000000 0.000000 0.000000
0.000000 0.000000 0.000000
0.000000 0.000000 0.000000
234611.069385 6059.310554 -3590.531615
6059.310554 229145.081468 -8549.351518
-3590.531615 -8549.351518 256796.274331
0.000000 0.000000 0.000000 0.000000
0.000000 -0.000000 0.000000 24.079992
0.000000 -0.000000 0.000000 24.079992
RESULTSET_END
RESULTSET_BEGIN
92224 0 0 0
0.000000 0.000000 0.000000
229430.745102 5781.466932 -2454.694382
5781.466932 226184.623759 -7867.535225
-2454.694382 -7867.535225 252281.168869
0.000000 0.000000 0.000000
0.000000 0.000000 0.000000
0.000000 0.000000 0.000000
0.000000 -0.000000 0.000000 24.034240
0.000000 0.000000 0.000000 0.000000
0.000000 -0.000000 0.000000 24.034240
RESULTSET_END
RESULTSET_BEGIN
92224 0 1 0
0.000000 0.000000 0.000000
229430.745102 5781.466932 -2454.694382
5781.466932 226184.623759 -7867.535225
-2454.694382 -7867.535225 252281.168869
5180.324284 277.843622 -1135.837232
277.843622 2960.457709 -681.816292
-1135.837232 -681.816292 4515.105462
0.000000 -0.000000 0.000000 24.034240
-0.000000 -0.000000 0.000000 0.654402
0.000000 -0.000000 0.000000 24.079992
RESULTSET_END
RESULTSET_BEGIN
92224 0 1 1
0.000000 0.000000 0.000000
0.000000 0.000000 0.000000
0.000000 0.000000 0.000000
0.000000 0.000000 0.000000
234611.069385 6059.310554 -3590.531615
6059.310554 229145.081468 -8549.351518
-3590.531615 -8549.351518 256796.274331
0.000000 0.000000 0.000000 0.000000
0.000000 -0.000000 0.000000 24.079992
0.000000 -0.000000 0.000000 24.079992
RESULTSET_END
RESULTSET_BEGIN
92224 1 0 0
-356465.150502 0.000000 33680.618699
265351.822132 -2070.030670 -13318.969348
-2070.030670 273835.445950 8212.207469
-13318.969348 8212.207469 292154.403461
0.000000 0.000000 0.000000
0.000000 0.000000 0.000000
0.000000 0.000000 0.000000
0.000000 -0.000000 -0.000000 26.588974
0.000000 0.000000 0.000000 0.000000
0.000000 -0.000000 -0.000000 26.588974
RESULTSET_END
RESULTSET_BEGIN
92224 1 1 0
-356465.150502 1175417.369668 33680.618699
265351.822132 -2070.030670 -13318.969348
-2070.030670 273835.445950 8212.207469
-13318.969348 8212.207469 292154.403461
4909.733921 98.529386 -1191.641734
98.529386 2945.649322 -694.062847
-1191.641734 -694.062847 4373.947856
0.000000 -0.000000 -0.000000 26.588974
0.000000 -0.000000 0.000000 0.664412
0.000000 -0.000000 0.000000 26.626132
RESULTSET_END
RESULTSET_BEGIN
92224 1 1 1
0.000000 818952.219166 33680.618699
0.000000 0.000000 0.000000
0.000000 0.000000 0.000000
0.000000 0.000000 0.000000
270261.556053 -1971.501284 -14510.611082
-1971.501284 276781.095272 7518.144622
-14510.611082 7518.144622 296528.351317
0.000000 0.000000 0.000000 0.000000
0.000000 -0.000000 0.000000 26.626132
0.000000 -0.000000 0.000000 26.626132
RESULTSET_END
RESULTSET_BEGIN
92224 0 0 0
0.000000 0.000000 0.000000
265351.822132 -2070.030670 -13318.969348
-2070.030670 273835.445950 8212.207469
-13318.969348 8212.207469 292154.403461
0.000000 0.000000 0.000000
0.000000 0.000000 0.000000
0.000000 0.000000 0.000000
0.000000 -0.000000 -0.000000 26.588974
0.000000 0.000000 0.000000 0.000000
0.000000 -0.000000 -0.000000 26.588974
RESULTSET_END
RESULTSET_BEGIN
92224 0 1 0
0.000000 0.000000 0.000000
265351.822132 -2070.030670 -13318.969348
-2070.030670 273835.445950 8212.207469
-13318.969348 8212.207469 292154.403461
4909.733921 98.529386 -1191.641734
98.529386 2945.649322 -694.062847
-1191.641734 -694.062847 4373.947856
0.000000 -0.000000 -0.000000 26.588974
0.000000 -0.000000 0.000000 0.664412
0.000000 -0.000000 0.000000 26.626132
RESULTSET_END
RESULTSET_BEGIN
92224 0 1 1
0.000000 0.000000 0.000000
0.000000 0.000000 0.000000
0.000000 0.000000 0.000000
0.000000 0.000000 0.000000
270261.556053 -1971.501284 -14510.611082
-1971.501284 276781.095272 7518.144622
-14510.611082 7518.144622 296528.351317
0.000000 0.000000 0.000000 0.000000
0.000000 -0.000000 0.000000 26.626132
0.000000 -0.000000 0.000000 26.626132
RESULTSET_END
RESULTSET_BEGIN
92224 1 0 0
-351967.075403 0.000000 44822.863384
335969.326367 -24233.682357 -16820.998173
-24233.682357 319446.941348 11828.240800
-16820.998173 11828.240800 311495.022688
0.000000 0.000000 0.000000
0.000000 0.000000 0.000000
0.000000 0.000000 0.000000
0.000000 0.000000 0.000000 36.131656
0.000000 0.000000 0.000000 0.000000
0.000000 0.000000 0.000000 36.131656
RESULTSET_END
RESULTSET_BEGIN
92224 1 1 0
-351967.075403 1175313.221151 44822.863384
335969.326367 -24233.682357 -16820.998173
-24233.682357 319446.941348 11828.240800
-16820.998173 11828.240800 311495.022688
5571.194047 420.696937 -1025.287276
420.696937 3500.139065 -426.244842
-1025.287276 -426.244842 4943.571516
0.000000 0.000000 0.000000 36.131656
-0.000000 -0.000000 0.000000 0.699951
0.000000 -0.000000 -0.000000 36.151538
RESULTSET_END
RESULTSET_BEGIN
92224 1 1 1
0.000000 823346.145748 44822.863384
0.000000 0.000000 0.000000
0.000000 0.000000 0.000000
0.000000 0.000000 0.000000
341540.520414 -23812.985420 -17846.285450
-23812.985420 322947.080412 11401.995957
-17846.285450 11401.995957 316438.594204
0.000000 0.000000 0.000000 0.000000
0.000000 -0.000000 -0.000000 36.151538
0.000000 -0.000000 -0.000000 36.151538
RESULTSET_END
RESULTSET_BEGIN
92224 0 0 0
0.000000 0.000000 0.000000
335969.326367 -24233.682357 -16820.998173
-24233.682357 319446.941348 11828.240800
-16820.998173 11828.240800 311495.022688
0.000000 0.000000 0.000000
0.000000 0.000000 0.000000
0.000000 0.000000 0.000000
0.000000 0.000000 0.000000 36.131656
0.000000 0.000000 0.000000 0.000000
0.000000 0.000000 0.000000 36.131656
RESULTSET_END
RESULTSET_BEGIN
92224 0 1 0
0.000000 0.000000 0.000000
335969.326367 -24233.682357 -16820.998173
-24233.682357 319446.941348 11828.240800
-16820.998173 11828.240800 311495.022688
5571.194047 420.696937 -1025.287276
420.696937 3500.139065 -426.244842
-1025.287276 -426.244842 4943.571516
0.000000 0.000000 0.000000 36.131656
-0.000000 -0.000000 0.000000 0.699951
0.000000 -0.000000 -0.000000 36.151538
RESULTSET_END
RESULTSET_BEGIN
92224 0 1 1
0.000000 0.000000 0.000000
0.000000 0.000000 0.000000
0.000000 0.000000 0.000000
0.000000 0.000000 0.000000
341540.520414 -23812.985420 -17846.285450
-23812.985420 322947.080412 11401.995957
-17846.285450 11401.995957 316438.594204
0.000000 0.000000 0.000000 0.000000
0.000000 -0.000000 -0.000000 36.151538
0.000000 -0.000000 -0.000000 36.151538
RESULTSET_END
RESULTSET_BEGIN
92224 1 0 0
-352096.159413 0.000000 51071.836524
361975.995131 13142.637068 -11349.834985
13142.637068 339396.920171 19173.017359
-11349.834985 19173.017359 346925.155649
0.000000 0.000000 0.000000
0.000000 0.000000 0.000000
0.000000 0.000000 0.000000
-0.000000 -0.000000 -0.000000 53.768360
0.000000 0.000000 0.000000 0.000000
-0.000000 -0.000000 -0.000000 53.768360
RESULTSET_END
RESULTSET_BEGIN
92224 1 1 0
-352096.159413 1175283.062588 51071.836524
361975.995131 13142.637068 -11349.834985
13142.637068 339396.920171 19173.017359
-11349.834985 19173.017359 346925.155649
5087.966542 188.296588 -828.327169
188.296588 3107.004476 -381.474324
-828.327169 -381.474324 4733.791121
-0.000000 -0.000000 -0.000000 53.768360
-0.000000 -0.000000 -0.000000 0.717893
0.000000 0.000000 0.000000 53.771295
RESULTSET_END
RESULTSET_BEGIN
92224 1 1 1
0.000000 823186.903175 51071.836524
0.000000 0.000000 0.000000
0.000000 0.000000 0.000000
0.000000 0.000000 0.000000
367063.961673 13330.933657 -12178.162154
13330.933657 342503.924648 18791.543035
-12178.162154 18791.543035 351658.946770
0.000000 0.000000 0.000000 0.000000
0.000000 0.000000 0.000000 53.771295
0.000000 0.000000 0.000000 53.771295
RESULTSET_END
RESULTSET_BEGIN
92224 0 0 0
0.000000 0.000000 0.000000
361975.995131 13142.637068 -11349.834985
13142.637068 339396.920171 19173.017359
-11349.834985 19173.017359 346925.155649
0.000000 0.000000 0.000000
0.000000 0.000000 0.000000
0.000000 0.000000 0.000000
-0.000000 -0.000000 -0.000000 53.768360
0.000000 0.000000 0.000000 0.000000
-0.000000 -0.000000 -0.000000 53.768360
RESULTSET_END
RESULTSET_BEGIN
92224 0 1 0
0.000000 0.000000 0.000000
361975.995131 13142.637068 -11349.834985
13142.637068 339396.920171 19173.017359
-11349.834985 19173.017359 346925.155649
5087.966542 188.296588 -828.327169
188.296588 3107.004476 -381.474324
-828.327169 -381.474324 4733.791121
-0.000000 -0.000000 -0.000000 53.768360
-0.000000 -0.000000 -0.000000 0.717893
0.000000 0.000000 0.000000 53.771295
RESULTSET_END
RESULTSET_BEGIN
92224 0 1 1
0.000000 0.000000 0.000000
0.000000 0.000000 0.000000
0.000000 0.000000 0.000000
0.000000 0.000000 0.000000
367063.961673 13330.933657 -12178.162154
13330.933657 342503.924648 18791.543035
-12178.162154 18791.543035 351658.946770
0.000000 0.000000 0.000000 0.000000
0.000000 0.000000 0.000000 53.771295
0.000000 0.000000 0.000000 53.771295
RESULTSET_END
RESULTSET_BEGIN
92224 1 0 0
-354405.213548 0.000000 72354.132621
420244.274270 73898.446215 27025.533620
73898.446215 456967.660156 45957.423945
27025.533620 45957.423945 439465.202418
0.000000 0.000000 0.000000
0.000000 0.000000 0.000000
0.000000 0.000000 0.000000
-0.000000 0.000000 -0.000000 120.621125
0.000000 0.000000 0.000000 0.000000
-0.000000 0.000000 -0.000000 120.621125
RESULTSET_END
RESULTSET_BEGIN
92224 1 1 0
-354405.213548 1175271.536084 72354.132621
420244.274270 73898.446215 27025.533620
73898.446215 456967.660156 45957.423945
27025.533620 45957.423945 439465.202418
5209.752016 220.185402 -1024.206058
220.185402 3143.790865 -424.400390
-1024.206058 -424.400390 4222.642365
-0.000000 0.000000 -0.000000 120.621125
-0.000000 0.000000 0.000000 0.739413
-0.000000 0.000000 -0.000000 120.607907
RESULTSET_END
RESULTSET_BEGIN
92224 1 1 1
0.000000 820866.322536 72354.132621
0.000000 0.000000 0.000000
0.000000 0.000000 0.000000
0.000000 0.000000 0.000000
425454.026285 74118.631618 26001.327561
74118.631618 460111.451021 45533.023555
26001.327561 45533.023555 443687.844783
0.000000 0.000000 0.000000 0.000000
-0.000000 0.000000 -0.000000 120.607907
-0.000000 0.000000 -0.000000 120.607907
RESULTSET_END
RESULTSET_BEGIN
92224 0 0 0
0.000000 0.000000 0.000000
420244.274270 73898.446215 27025.533620
73898.446215 456967.660156 45957.423945
27025.533620 45957.423945 439465.202418
0.000000 0.000000 0.000000
0.000000 0.000000 0.000000
0.000000 0.000000 0.000000
-0.000000 0.000000 -0.000000 120.621125
0.000000 0.000000 0.000000 0.000000
-0.000000 0.000000 -0.000000 120.621125
RESULTSET_END
RESULTSET_BEGIN
92224 0 1 0
0.000000 0.000000 0.000000
420244.274270 73898.446215 27025.533620
73898.446215 456967.660156 45957.423945
27025.533620 45957.423945 439465.202418
5209.752016 220.185402 -1024.206058
220.185402 3143.790865 -424.400390
-1024.206058 -424.400390 4222.642365
-0.000000 0.000000 -0.000000 120.621125
-0.000000 0.000000 0.000000 0.739413
-0.000000 0.000000 -0.000000 120.607907
RESULTSET_END
RESULTSET_BEGIN
92224 0 1 1
0.000000 0.000000 0.000000
0.000000 0.000000 0.000000
0.000000 0.000000 0.000000
0.000000 0.000000 0.000000
425454.026285 74118.631618 26001.327561
74118.631618 460111.451021 45533.023555
26001.327561 45533.023555 443687.844783
0.000000 0.000000 0.000000 0.000000
-0.000000 0.000000 -0.000000 120.607907
-0.000000 0.000000 -0.000000 120.607907
RESULTSET_END
RESULTSET_BEGIN
92224 1 0 0
-355560.361523 0.000000 82719.320561
457673.399387 41770.797466 54396.760223
41770.797466 475603.423650 16312.547916
54396.760223 16312.547916 516611.962291
0.000000 0.000000 0.000000
0.000000 0.000000 0.000000
0.000000 0.000000 0.000000
0.000000 0.000000 -0.000000 118.070107
0.000000 0.000000 0.000000 0.000000
0.000000 0.000000 -0.000000 118.070107
RESULTSET_END
RESULTSET_BEGIN
92224 1 1 0
-355560.361523 1175252.612368 82719.320561
457673.399387 41770.797466 54396.760223
41770.797466 475603.423650 16312.547916
54396.760223 16312.547916 516611.962291
5052.864735 234.150235 -1343.918288
234.150235 3043.869133 -623.144377
-1343.918288 -623.144377 4153.955816
0.000000 0.000000 -0.000000 118.070107
0.000000 -0.000000 0.000000 0.735989
-0.000000 0.000000 0.000000 118.057119
RESULTSET_END
RESULTSET_BEGIN
92224 1 1 1
0.000000 819692.250845 82719.320561
0.000000 0.000000 0.000000
0.000000 0.000000 0.000000
0.000000 0.000000 0.000000
462726.264121 42004.947700 53052.841936
42004.947700 478647.292783 15689.403539
53052.841936 15689.403539 520765.918107
0.000000 0.000000 0.000000 0.000000
-0.000000 0.000000 0.000000 118.057119
-0.000000 0.000000 0.000000 118.057119
RESULTSET_END
RESULTSET_BEGIN
92224 0 0 0
0.000000 0.000000 0.000000
457673.399387 41770.797466 54396.760223
41770.797466 475603.423650 16312.547916
54396.760223 16312.547916 516611.962291
0.000000 0.000000 0.000000
0.000000 0.000000 0.000000
0.000000 0.000000 0.000000
0.000000 0.000000 -0.000000 118.070107
0.000000 0.000000 0.000000 0.000000
0.000000 0.000000 -0.000000 118.070107
RESULTSET_END
RESULTSET_BEGIN
92224 0 1 0
0.000000 0.000000 0.000000
457673.399387 41770.797466 54396.760223
41770.797466 475603.423650 16312.547916
54396.760223 16312.547916 516611.962291
5052.864735 234.150235 -1343.918288
234.150235 3043.869133 -623.144377
-1343.918288 -623.144377 4153.955816
0.000000 0.000000 -0.000000 118.070107
0.000000 -0.000000 0.000000 0.735989
-0.000000 0.000000 0.000000 118.057119
RESULTSET_END
RESULTSET_BEGIN
92224 0 1 1
0.000000 0.000000 0.000000
0.000000 0.000000 0.000000
0.000000 0.000000 0.000000
0.000000 0.000000 0.000000
462726.264121 42004.947700 53052.841936
42004.947700 478647.292783 15689.403539
53052.841936 15689.403539 520765.918107
0.000000 0.000000 0.000000 0.000000
-0.000000 0.000000 0.000000 118.057119
-0.000000 0.000000 0.000000 118.057119
RESULTSET_END
RESULTSET_BEGIN
92224 1 0 0
-355048.791923 0.000000 68276.381337
424255.174662 17903.004442 -1531.102881
17903.004442 400106.293907 3995.643484
-1531.102881 3995.643484 445920.892437
0.000000 0.000000 0.000000
0.000000 0.000000 0.000000
0.000000 0.000000 0.000000
-0.000000 -0.000000 -0.000000 65.200455
0.000000 0.000000 0.000000 0.000000
-0.000000 -0.000000 -0.000000 65.200455
RESULTSET_END
RESULTSET_BEGIN
92224 1 1 0
-355048.791923 1175278.427022 68276.381337
424255.174662 17903.004442 -1531.102881
17903.004442 400106.293907 3995.643484
-1531.102881 3995.643484 445920.892437
4993.685721 74.656946 -907.544481
74.656946 2900.242764 -746.571633
-907.544481 -746.571633 4257.556142
-0.000000 -0.000000 -0.000000 65.200455
-0.000000 -0.000000 -0.000000 0.714496
-0.000000 0.000000 0.000000 65.200972
RESULTSET_END
RESULTSET_BEGIN
92224 1 1 1
0.000000 820229.635099 68276.381337
0.000000 0.000000 0.000000
0.000000 0.000000 0.000000
0.000000 0.000000 0.000000
429248.860384 17977.661388 -2438.647362
17977.661388 403006.536671 3249.071852
-2438.647362 3249.071852 450178.448579
0.000000 0.000000 0.000000 0.000000
-0.000000 0.000000 0.000000 65.200972
-0.000000 0.000000 0.000000 65.200972
RESULTSET_END
RESULTSET_BEGIN
92224 0 0 0
0.000000 0.000000 0.000000
424255.174662 17903.004442 -1531.102881
17903.004442 400106.293907 3995.643484
-1531.102881 3995.643484 445920.892437
0.000000 0.000000 0.000000
0.000000 0.000000 0.000000
0.000000 0.000000 0.000000
-0.000000 -0.000000 -0.000000 65.200455
0.000000 0.000000 0.000000 0.000000
-0.000000 -0.000000 -0.000000 65.200455
RESULTSET_END
RESULTSET_BEGIN
92224 0 1 0
0.000000 0.000000 0.000000
424255.174662 17903.004442 -1531.102881
17903.004442 400106.293907 3995.643484
-1531.102881 3995.643484 445920.892437
4993.685721 74.656946 -907.544481
74.656946 2900.242764 -746.571633
-907.544481 -746.571633 4257.556142
-0.000000 -0.000000 -0.000000 65.200455
-0.000000 -0.000000 -0.000000 0.714496
-0.000000 0.000000 0.000000 65.200972
RESULTSET_END
RESULTSET_BEGIN
92224 0 1 1
0.000000 0.000000 0.000000
0.000000 0.000000 0.000000
0.000000 0.000000 0.000000
0.000000 0.000000 0.000000
429248.860384 17977.661388 -2438.647362
17977.661388 403006.536671 3249.071852
-2438.647362 3249.071852 450178.448579
0.000000 0.000000 0.000000 0.000000
-0.000000 0.000000 0.000000 65.200972
-0.000000 0.000000 0.000000 65.200972
RESULTSET_END
RESULTSET_BEGIN
92224 1 0 0
-355433.708324 0.000000 54482.995477
356274.679525 2683.391559 -19831.097268
2683.391559 342025.948166 -17674.719892
-19831.097268 -17674.719892 399542.950669
0.000000 0.000000 0.000000
0.000000 0.000000 0.000000
0.000000 0.000000 0.000000
0.000000 0.000000 -0.000000 38.247509
0.000000 0.000000 0.000000 0.000000
0.000000 0.000000 -0.000000 38.247509
RESULTSET_END
RESULTSET_BEGIN
92224 1 1 0
-355433.708324 1175313.370903 54482.995477
356274.679525 2683.391559 -19831.097268
2683.391559 342025.948166 -17674.719892
-19831.097268 -17674.719892 399542.950669
5009.659128 130.270764 -1033.994295
130.270764 3202.978668 -600.965055
-1033.994295 -600.965055 4615.446901
0.000000 0.000000 -0.000000 38.247509
0.000000 -0.000000 0.000000 0.706137
0.000000 -0.000000 -0.000000 38.263344
RESULTSET_END
RESULTSET_BEGIN
92224 1 1 1
0.000000 819879.662579 54482.995477
0.000000 0.000000 0.000000
0.000000 0.000000 0.000000
0.000000 0.000000 0.000000
361284.338654 2813.662323 -20865.091563
2813.662323 345228.926835 -18275.684947
-20865.091563 -18275.684947 404158.397569
0.000000 0.000000 0.000000 0.000000
0.000000 -0.000000 -0.000000 38.263344
0.000000 -0.000000 -0.000000 38.263344
RESULTSET_END
RESULTSET_BEGIN
92224 0 0 0
0.000000 0.000000 0.000000
356274.679525 2683.391559 -19831.097268
2683.391559 342025.948166 -17674.719892
-19831.097268 -17674.719892 399542.950669
0.000000 0.000000 0.000000
0.000000 0.000000 0.000000
0.000000 0.000000 0.000000
0.000000 0.000000 -0.000000 38.247509
0.000000 0.000000 0.000000 0.000000
0.000000 0.000000 -0.000000 38.247509
RESULTSET_END
RESULTSET_BEGIN
92224 0 1 0
0.000000 0.000000 0.000000
356274.679525 2683.391559 -19831.097268
2683.391559 342025.948166 -17674.719892
-19831.097268 -17674.719892 399542.950669
5009.659128 130.270764 -1033.994295
130.270764 3202.978668 -600.965055
-1033.994295 -600.965055 4615.446901
0.000000 0.000000 -0.000000 38.247509
0.000000 -0.000000 0.000000 0.706137
0.000000 -0.000000 -0.000000 38.263344
RESULTSET_END
RESULTSET_BEGIN
92224 0 1 1
0.000000 0.000000 0.000000
0.000000 0.000000 0.000000
0.000000 0.000000 0.000000
0.000000 0.000000 0.000000
361284.338654 2813.662323 -20865.091563
2813.662323 345228.926835 -18275.684947
-20865.091563 -18275.684947 404158.397569
0.000000 0.000000 0.000000 0.000000
0.000000 -0.000000 -0.000000 38.263344
0.000000 -0.000000 -0.000000 38.263344
RESULTSET_END
RESULTSET_BEGIN
92224 1 0 0
-355483.466685 0.000000 66556.587524
414996.557666 8534.397341 -7965.140783
8534.397341 382426.160687 -42519.639783
-7965.140783 -42519.639783 452754.134777
0.000000 0.000000 0.000000
0.000000 0.000000 0.000000
0.000000 0.000000 0.000000
-0.000000 -0.000000 0.000000 66.230309
0.000000 0.000000 0.000000 0.000000
-0.000000 -0.000000 0.000000 66.230309
RESULTSET_END
RESULTSET_BEGIN
92224 1 1 0
-355483.466685 1175303.299217 66556.587524
414996.557666 8534.397341 -7965.140783
8534.397341 382426.160687 -42519.639783
-7965.140783 -42519.639783 452754.134777
4759.140690 145.490128 -915.080241
145.490128 3264.768306 -443.545373
-915.080241 -443.545373 4556.008188
-0.000000 -0.000000 0.000000 66.230309
-0.000000 0.000000 -0.000000 0.711155
-0.000000 0.000000 -0.000000 66.235408
RESULTSET_END
RESULTSET_BEGIN
92224 1 1 1
0.000000 819819.832532 66556.587524
0.000000 0.000000 0.000000
0.000000 0.000000 0.000000
0.000000 0.000000 0.000000
419755.698357 8679.887469 -8880.221024
8679.887469 385690.928993 -42963.185157
-8880.221024 -42963.185157 457310.142965
0.000000 0.000000 0.000000 0.000000
0.000000 0.000000 -0.000000 66.235408
0.000000 0.000000 -0.000000 66.235408
RESULTSET_END
RESULTSET_BEGIN
92224 0 0 0
0.000000 0.000000 0.000000
414996.557666 8534.397341 -7965.140783
8534.397341 382426.160687 -42519.639783
-7965.140783 -42519.639783 452754.134777
0.000000 0.000000 0.000000
0.000000 0.000000 0.000000
0.000000 0.000000 0.000000
-0.000000 -0.000000 0.000000 66.230309
0.000000 0.000000 0.000000 0.000000
-0.000000 -0.000000 0.000000 66.230309
RESULTSET_END
RESULTSET_BEGIN
92224 0 1 0
0.000000 0.000000 0.000000
414996.557666 8534.397341 -7965.140783
8534.397341 382426.160687 -42519.639783
-7965.140783 -42519.639783 452754.134777
4759.140690 145.490128 -915.080241
145.490128 3264.768306 -443.545373
-915.080241 -443.545373 4556.008188
-0.000000 -0.000000 0.000000 66.230309
-0.000000 0.000000 -0.000000 0.711155
-0.000000 0.000000 -0.000000 66.235408
RESULTSET_END
RESULTSET_BEGIN
92224 0 1 1
0.000000 0.000000 0.000000
0.000000 0.000000 0.000000
0.000000 0.000000 0.000000
0.000000 0.000000 0.000000
419755.698357 8679.887469 -8880.221024
8679.887469 385690.928993 -42963.185157
-8880.221024 -42963.185157 457310.142965
0.000000 0.000000 0.000000 0.000000
0.000000 0.000000 -0.000000 66.235408
0.000000 0.000000 -0.000000 66.235408
RESULTSET_END
RESULTSET_BEGIN
92224 1 0 0
-356493.455348 0.000000 85119.485010
500040.673377 23406.514207 34704.232087
23406.514207 450237.588056 -19536.271151
34704.232087 -19536.271151 531936.328287
0.000000 0.000000 0.000000
0.000000 0.000000 0.000000
0.000000 0.000000 0.000000
-0.000000 0.000000 0.000000 376.034542
0.000000 0.000000 0.000000 0.000000
-0.000000 0.000000 0.000000 376.034542
RESULTSET_END
RESULTSET_BEGIN
92224 1 1 0
-356493.455348 1175243.224638 85119.485010
500040.673377 23406.514207 34704.232087
23406.514207 450237.588056 -19536.271151
34704.232087 -19536.271151 531936.328287
5030.387113 205.373000 -1074.353109
205.373000 2935.047228 -327.741533
-1074.353109 -327.741533 4625.196314
-0.000000 0.000000 0.000000 376.034542
0.000000 -0.000000 0.000000 0.723862
0.000000 -0.000000 0.000000 376.037014
RESULTSET_END
RESULTSET_BEGIN
92224 1 1 1
0.000000 818749.769290 85119.485010
0.000000 0.000000 0.000000
0.000000 0.000000 0.000000
0.000000 0.000000 0.000000
505071.060490 23611.887207 33629.878978
23611.887207 453172.635284 -19864.012684
33629.878978 -19864.012684 536561.524601
0.000000 0.000000 0.000000 0.000000
0.000000 -0.000000 0.000000 376.037014
0.000000 -0.000000 0.000000 376.037014
RESULTSET_END
RESULTSET_BEGIN
92224 0 0 0
0.000000 0.000000 0.000000
500040.673377 23406.514207 34704.232087
23406.514207 450237.588056 -19536.271151
34704.232087 -19536.271151 531936.328287
0.000000 0.000000 0.000000
0.000000 0.000000 0.000000
0.000000 0.000000 0.000000
-0.000000 0.000000 0.000000 376.034542
0.000000 0.000000 0.000000 0.000000
-0.000000 0.000000 0.000000 376.034542
RESULTSET_END
RESULTSET_BEGIN
92224 0 1 0
0.000000 0.000000 0.000000
500040.673377 23406.514207 34704.232087
23406.514207 450237.588056 -19536.271151
34704.232087 -19536.271151 531936.328287
5030.387113 205.373000 -1074.353109
205.373000 2935.047228 -327.741533
-1074.353109 -327.741533 4625.196314
-0.000000 0.000000 0.000000 376.034542
0.000000 -0.000000 0.000000 0.723862
0.000000 -0.000000 0.000000 376.037014
RESULTSET_END
RESULTSET_BEGIN
92224 0 1 1
0.000000 0.000000 0.000000
0.000000 0.000000 0.000000
0.000000 0.000000 0.000000
0.000000 0.000000 0.000000
505071.060490 23611.887207 33629.878978
23611.887207 453172.635284 -19864.012684
33629.878978 -19864.012684 536561.524601
0.000000 0.000000 0.000000 0.000000
0.000000 -0.000000 0.000000 376.037014
0.000000 -0.000000 0.000000 376.037014
RESULTSET_END
RESULTSET_BEGIN
92224 1 0 0
-356488.114418 0.000000 87683.021556
515299.682141 -14021.947794 37944.434122
-14021.947794 444986.923660 -18799.089048
37944.434122 -18799.089048 553831.110652
0.000000 0.000000 0.000000
0.000000 0.000000 0.000000
0.000000 0.000000 0.000000
0.000000 -0.000000 -0.000000 425.300936
0.000000 0.000000 0.000000 0.000000
0.000000 -0.000000 -0.000000 425.300936
RESULTSET_END
RESULTSET_BEGIN
92224 1 1 0
-356488.114418 1175287.500784 87683.021556
515299.682141 -14021.947794 37944.434122
-14021.947794 444986.923660 -18799.089048
37944.434122 -18799.089048 553831.110652
4818.467634 205.831968 -863.846533
205.831968 2771.466489 -590.641663
-863.846533 -590.641663 4033.167408
0.000000 -0.000000 -0.000000 425.300936
-0.000000 -0.000000 0.000000 0.727463
0.000000 -0.000000 -0.000000 425.298927
RESULTSET_END
RESULTSET_BEGIN
92224 1 1 1
0.000000 818799.386366 87683.021556
0.000000 0.000000 0.000000
0.000000 0.000000 0.000000
0.000000 0.000000 0.000000
520118.149775 -13816.115826 37080.587589
-13816.115826 447758.390150 -19389.730711
37080.587589 -19389.730711 557864.278061
0.000000 0.000000 0.000000 0.000000
0.000000 -0.000000 -0.000000 425.298927
0.000000 -0.000000 -0.000000 425.298927
RESULTSET_END
RESULTSET_BEGIN
92224 0 0 0
0.000000 0.000000 0.000000
515299.682141 -14021.947794 37944.434122
-14021.947794 444986.923660 -18799.089048
37944.434122 -18799.089048 553831.110652
0.000000 0.000000 0.000000
0.000000 0.000000 0.000000
0.000000 0.000000 0.000000
0.000000 -0.000000 -0.000000 425.300936
0.000000 0.000000 0.000000 0.000000
0.000000 -0.000000 -0.000000 425.300936
RESULTSET_END
RESULTSET_BEGIN
92224 0 1 0
0.000000 0.000000 0.000000
515299.682141 -14021.947794 37944.434122
-14021.947794 444986.923660 -18799.089048
37944.434122 -18799.089048 553831.110652
4818.467634 205.831968 -863.846533
205.831968 2771.466489 -590.641663
-863.846533 -590.641663 4033.167408
0.000000 -0.000000 -0.000000 425.300936
-0.000000 -0.000000 0.000000 0.727463
0.000000 -0.000000 -0.000000 425.298927
RESULTSET_END
RESULTSET_BEGIN
92224 0 1 1
0.000000 0.000000 0.000000
0.000000 0.000000 0.000000
0.000000 0.000000 0.000000
0.000000 0.000000 0.000000
520118.149775 -13816.115826 37080.587589
-13816.115826 447758.390150 -19389.730711
37080.587589 -19389.730711 557864.278061
0.000000 0.000000 0.000000 0.000000
0.000000 -0.000000 -0.000000 425.298927
0.000000 -0.000000 -0.000000 425.298927
RESULTSET_END
RESULTSET_BEGIN
92224 1 0 0
-355318.266825 0.000000 83101.394361
491277.712127 -43666.722935 8257.307029
-43666.722935 471084.763550 -10909.418105
8257.307029 -10909.418105 496232.472218
0.000000 0.000000 0.000000
0.000000 0.000000 0.000000
0.000000 0.000000 0.000000
-0.000000 -0.000000 0.000000 106.436190
0.000000 0.000000 0.000000 0.000000
-0.000000 -0.000000 0.000000 106.436190
RESULTSET_END
RESULTSET_BEGIN
92224 1 1 0
-355318.266825 1175283.572091 83101.394361
491277.712127 -43666.722935 8257.307029
-43666.722935 471084.763550 -10909.418105
8257.307029 -10909.418105 496232.472218
4729.148150 358.601259 -1016.797099
358.601259 2916.865944 -658.543001
-1016.797099 -658.543001 4067.711815
-0.000000 -0.000000 0.000000 106.436190
0.000000 0.000000 -0.000000 0.729467
-0.000000 -0.000000 0.000000 106.430135
RESULTSET_END
RESULTSET_BEGIN
92224 1 1 1
0.000000 819965.305266 83101.394361
0.000000 0.000000 0.000000
0.000000 0.000000 0.000000
0.000000 0.000000 0.000000
496006.860277 -43308.121675 7240.509930
-43308.121675 474001.629494 -11567.961106
7240.509930 -11567.961106 500300.184033
0.000000 0.000000 0.000000 0.000000
-0.000000 -0.000000 0.000000 106.430135
-0.000000 -0.000000 0.000000 106.430135
RESULTSET_END
RESULTSET_BEGIN
92224 0 0 0
0.000000 0.000000 0.000000
491277.712127 -43666.722935 8257.307029
-43666.722935 471084.763550 -10909.418105
8257.307029 -10909.418105 496232.472218
0.000000 0.000000 0.000000
0.000000 0.000000 0.000000
0.000000 0.000000 0.000000
-0.000000 -0.000000 0.000000 106.436190
0.000000 0.000000 0.000000 0.000000
-0.000000 -0.000000 0.000000 106.436190
RESULTSET_END
RESULTSET_BEGIN
92224 0 1 0
0.000000 0.000000 0.000000
491277.712127 -43666.722935 8257.307029
-43666.722935 471084.763550 -10909.418105
8257.307029 -10909.418105 496232.472218
4729.148150 358.601259 -1016.797099
358.601259 2916.865944 -658.543001
-1016.797099 -658.543001 4067.711815
-0.000000 -0.000000 0.000000 106.436190
0.000000 0.000000 -0.000000 0.729467
-0.000000 -0.000000 0.000000 106.430135
RESULTSET_END
RESULTSET_BEGIN
92224 0 1 1
0.000000 0.000000 0.000000
0.000000 0.000000 0.000000
0.000000 0.000000 0.000000
0.000000 0.000000 0.000000
496006.860277 -43308.121675 7240.509930
-43308.121675 474001.629494 -11567.961106
7240.509930 -11567.961106 500300.184033
0.000000 0.000000 0.000000 0.000000
-0.000000 -0.000000 0.000000 106.430135
-0.000000 -0.000000 0.000000 106.430135
RESULTSET_END
RESULTSET_BEGIN
92224 1 0 0
-354426.216327 0.000000 81852.649904
495412.129379 -31729.220598 2432.911399
-31729.220598 479984.213675 -18222.722244
2432.911399 -18222.722244 464658.767383
0.000000 0.000000 0.000000
0.000000 0.000000 0.000000
0.000000 0.000000 0.000000
-0.000000 0.000000 0.000000 85.321757
0.000000 0.000000 0.000000 0.000000
-0.000000 0.000000 0.000000 85.321757
RESULTSET_END
RESULTSET_BEGIN
92224 1 1 0
-354426.216327 1175267.251256 81852.649904
495412.129379 -31729.220598 2432.911399
-31729.220598 479984.213675 -18222.722244
2432.911399 -18222.722244 464658.767383
4994.589521 204.474965 -1092.035526
204.474965 2977.605633 -600.124112
-1092.035526 -600.124112 4400.584192
-0.000000 0.000000 0.000000 85.321757
0.000000 -0.000000 0.000000 0.729505
-0.000000 0.000000 -0.000000 85.316347
RESULTSET_END
RESULTSET_BEGIN
92224 1 1 1
0.000000 820841.034929 81852.649904
0.000000 0.000000 0.000000
0.000000 0.000000 0.000000
0.000000 0.000000 0.000000
500406.718899 -31524.745633 1340.875873
-31524.745633 482961.819308 -18822.846356
1340.875873 -18822.846356 469059.351575
0.000000 0.000000 0.000000 0.000000
-0.000000 0.000000 -0.000000 85.316347
-0.000000 0.000000 -0.000000 85.316347
RESULTSET_END
RESULTSET_BEGIN
92224 0 0 0
0.000000 0.000000 0.000000
495412.129379 -31729.220598 2432.911399
-31729.220598 479984.213675 -18222.722244
2432.911399 -18222.722244 464658.767383
0.000000 0.000000 0.000000
0.000000 0.000000 0.000000
0.000000 0.000000 0.000000
-0.000000 0.000000 0.000000 85.321757
0.000000 0.000000 0.000000 0.000000
-0.000000 0.000000 0.000000 85.321757
RESULTSET_END
RESULTSET_BEGIN
92224 0 1 0
0.000000 0.000000 0.000000
495412.129379 -31729.220598 2432.911399
-31729.220598 479984.213675 -18222.722244
2432.911399 -18222.722244 464658.767383
4994.589521 204.474965 -1092.035526
204.474965 2977.605633 -600.124112
-1092.035526 -600.124112 4400.584192
-0.000000 0.000000 0.000000 85.321757
0.000000 -0.000000 0.000000 0.729505
-0.000000 0.000000 -0.000000 85.316347
RESULTSET_END
RESULTSET_BEGIN
92224 0 1 1
0.000000 0.000000 0.000000
0.000000 0.000000 0.000000
0.000000 0.000000 0.000000
0.000000 0.000000 0.000000
500406.718899 -31524.745633 1340.875873
-31524.745633 482961.819308 -18822.846356
1340.875873 -18822.846356 469059.351575
0.000000 0.000000 0.000000 0.000000
-0.000000 0.000000 -0.000000 85.316347
-0.000000 0.000000 -0.000000 85.316347
RESULTSET_END
RESULTSET_BEGIN
92224 1 0 0
-352961.452455 0.000000 78630.413882
480777.258001 -11861.799131 4648.039506
-11861.799131 449698.172372 -2587.047420
4648.039506 -2587.047420 466919.951690
0.000000 0.000000 0.000000
0.000000 0.000000 0.000000
0.000000 0.000000 0.000000
0.000000 0.000000 0.000000 97.856338
0.000000 0.000000 0.000000 0.000000
0.000000 0.000000 0.000000 97.856338
RESULTSET_END
RESULTSET_BEGIN
92224 1 1 0
-352961.452455 1175228.852084 78630.413882
480777.258001 -11861.799131 4648.039506
-11861.799131 449698.172372 -2587.047420
4648.039506 -2587.047420 466919.951690
4928.726080 279.469821 -1001.651080
279.469821 3040.619842 -562.396478
-1001.651080 -562.396478 4660.344322
0.000000 0.000000 0.000000 97.856338
-0.000000 -0.000000 -0.000000 0.726340
-0.000000 0.000000 -0.000000 97.849291
RESULTSET_END
RESULTSET_BEGIN
92224 1 1 1
0.000000 822267.399629 78630.413882
0.000000 0.000000 0.000000
0.000000 0.000000 0.000000
0.000000 0.000000 0.000000
485705.984082 -11582.329310 3646.388426
-11582.329310 452738.792214 -3149.443898
3646.388426 -3149.443898 471580.296012
0.000000 0.000000 0.000000 0.000000
-0.000000 0.000000 -0.000000 97.849291
-0.000000 0.000000 -0.000000 97.849291
RESULTSET_END
RESULTSET_BEGIN
92224 0 0 0
0.000000 0.000000 0.000000
480777.258001 -11861.799131 4648.039506
-11861.799131 449698.172372 -2587.047420
4648.039506 -2587.047420 466919.951690
0.000000 0.000000 0.000000
0.000000 0.000000 0.000000
0.000000 0.000000 0.000000
0.000000 0.000000 0.000000 97.856338
0.000000 0.000000 0.000000 0.000000
0.000000 0.000000 0.000000 97.856338
RESULTSET_END
RESULTSET_BEGIN
92224 0 1 0
0.000000 0.000000 0.000000
480777.258001 -11861.799131 4648.039506
-11861.799131 449698.172372 -2587.047420
4648.039506 -2587.047420 466919.951690
4928.726080 279.469821 -1001.651080
279.469821 3040.619842 -562.396478
-1001.651080 -562.396478 4660.344322
0.000000 0.000000 0.000000 97.856338
-0.000000 -0.000000 -0.000000 0.726340
-0.000000 0.000000 -0.000000 97.849291
RESULTSET_END
RESULTSET_BEGIN
92224 0 1 1
0.000000 0.000000 0.000000
0.000000 0.000000 0.000000
0.000000 0.000000 0.000000
0.000000 0.000000 0.000000
485705.984082 -11582.329310 3646.388426
-11582.329310 452738.792214 -3149.443898
3646.388426 -3149.443898 471580.296012
0.000000 0.000000 0.000000 0.000000
-0.000000 0.000000 -0.000000 97.849291
-0.000000 0.000000 -0.000000 97.849291
RESULTSET_END
RESULTSET_BEGIN
92224 1 0 0
-352281.076114 0.000000 75460.864212
460348.411031 -14809.159799 -2946.896569
-14809.159799 437252.346841 -10010.715607
-2946.896569 -10010.715607 457525.814622
0.000000 0.000000 0.000000
0.000000 0.000000 0.000000
0.000000 0.000000 0.000000
0.000000 -0.000000 -0.000000 71.953266
0.000000 0.000000 0.000000 0.000000
0.000000 -0.000000 -0.000000 71.953266
RESULTSET_END
RESULTSET_BEGIN
92224 1 1 0
-352281.076114 1175254.305558 75460.864212
460348.411031 -14809.159799 -2946.896569
-14809.159799 437252.346841 -10010.715607
-2946.896569 -10010.715607 457525.814622
5379.239037 201.278958 -1028.561377
201.278958 3165.532737 -464.847575
-1028.561377 -464.847575 4883.456072
0.000000 -0.000000 -0.000000 71.953266
0.000000 0.000000 0.000000 0.713609
0.000000 -0.000000 0.000000 71.947825
RESULTSET_END
RESULTSET_BEGIN
92224 1 1 1
0.000000 822973.229444 75460.864212
0.000000 0.000000 0.000000
0.000000 0.000000 0.000000
0.000000 0.000000 0.000000
465727.650067 -14607.880842 -3975.457946
-14607.880842 440417.879578 -10475.563181
-3975.457946 -10475.563181 462409.270694
0.000000 0.000000 0.000000 0.000000
-0.000000 -0.000000 0.000000 71.947825
-0.000000 -0.000000 0.000000 71.947825
RESULTSET_END
RESULTSET_BEGIN
92224 0 0 0
0.000000 0.000000 0.000000
460348.411031 -14809.159799 -2946.896569
-14809.159799 437252.346841 -10010.715607
-2946.896569 -10010.715607 457525.814622
0.000000 0.000000 0.000000
0.000000 0.000000 0.000000
0.000000 0.000000 0.000000
0.000000 -0.000000 -0.000000 71.953266
0.000000 0.000000 0.000000 0.000000
0.000000 -0.000000 -0.000000 71.953266
RESULTSET_END
RESULTSET_BEGIN
92224 0 1 0
0.000000 0.000000 0.000000
460348.411031 -14809.159799 -2946.896569
-14809.159799 437252.346841 -10010.715607
-2946.896569 -10010.715607 457525.814622
5379.239037 201.278958 -1028.561377
201.278958 3165.532737 -464.847575
-1028.561377 -464.847575 4883.456072
0.000000 -0.000000 -0.000000 71.953266
0.000000 0.000000 0.000000 0.713609
0.000000 -0.000000 0.000000 71.947825
RESULTSET_END
RESULTSET_BEGIN
92224 0 1 1
0.000000 0.000000 0.000000
0.000000 0.000000 0.000000
0.000000 0.000000 0.000000
0.000000 0.000000 0.000000
465727.650067 -14607.880842 -3975.457946
-14607.880842 440417.879578 -10475.563181
-3975.457946 -10475.563181 462409.270694
0.000000 0.000000 0.000000 0.000000
-0.000000 -0.000000 0.000000 71.947825
-0.000000 -0.000000 0.000000 71.947825
RESULTSET_END
RESULTSET_BEGIN
92224 1 0 0
-353963.244880 0.000000 79258.716727
461881.017620 203.583028 -10818.360451
203.583028 457800.943580 -2744.646745
-10818.360451 -2744.646745 486232.303495
0.000000 0.000000 0.000000
0.000000 0.000000 0.000000
0.000000 0.000000 0.000000
0.000000 -0.000000 -0.000000 71.175499
0.000000 0.000000 0.000000 0.000000
0.000000 -0.000000 -0.000000 71.175499
RESULTSET_END
RESULTSET_BEGIN
92224 1 1 0
-353963.244880 1175254.611197 79258.716727
461881.017620 203.583028 -10818.360451
203.583028 457800.943580 -2744.646745
-10818.360451 -2744.646745 486232.303495
4753.377490 150.143907 -854.318878
150.143907 2982.569915 -465.723184
-854.318878 -465.723184 4182.538559
0.000000 -0.000000 -0.000000 71.175499
0.000000 0.000000 -0.000000 0.717817
0.000000 0.000000 0.000000 71.172917
RESULTSET_END
RESULTSET_BEGIN
92224 1 1 1
0.000000 821291.366316 79258.716727
0.000000 0.000000 0.000000
0.000000 0.000000 0.000000
0.000000 0.000000 0.000000
466634.395111 353.726934 -11672.679328
353.726934 460783.513495 -3210.369929
-11672.679328 -3210.369929 490414.842054
0.000000 0.000000 0.000000 0.000000
0.000000 0.000000 0.000000 71.172917
0.000000 0.000000 0.000000 71.172917
RESULTSET_END
RESULTSET_BEGIN
92224 0 0 0
0.000000 0.000000 0.000000
461881.017620 203.583028 -10818.360451
203.583028 457800.943580 -2744.646745
-10818.360451 -2744.646745 486232.303495
0.000000 0.000000 0.000000
0.000000 0.000000 0.000000
0.000000 0.000000 0.000000
0.000000 -0.000000 -0.000000 71.175499
0.000000 0.000000 0.000000 0.000000
0.000000 -0.000000 -0.000000 71.175499
RESULTSET_END
RESULTSET_BEGIN
92224 0 1 0
0.000000 0.000000 0.000000
461881.017620 203.583028 -10818.360451
203.583028 457800.943580 -2744.646745
-10818.360451 -2744.646745 486232.303495
4753.377490 150.143907 -854.318878
150.143907 2982.569915 -465.723184
-854.318878 -465.723184 4182.538559
0.000000 -0.000000 -0.000000 71.175499
0.000000 0.000000 -0.000000 0.717817
0.000000 0.000000 0.000000 71.172917
RESULTSET_END
RESULTSET_BEGIN
92224 0 1 1
0.000000 0.000000 0.000000
0.000000 0.000000 0.000000
0.000000 0.000000 0.000000
0.000000 0.000000 0.000000
466634.395111 353.726934 -11672.679328
353.726934 460783.513495 -3210.369929
-11672.679328 -3210.369929 490414.842054
0.000000 0.000000 0.000000 0.000000
0.000000 0.000000 0.000000 71.172917
0.000000 0.000000 0.000000 71.172917
RESULTSET_END
RESULTSET_BEGIN
92224 1 0 0
-356427.977246 0.000000 82943.122408
483971.599265 12874.557872 18309.195611
12874.557872 464316.257285 3297.754201
18309.195611 3297.754201 508642.380049
0.000000 0.000000 0.000000
0.000000 0.000000 0.000000
0.000000 0.000000 0.000000
-0.000000 -0.000000 -0.000000 81.464140
0.000000 0.000000 0.000000 0.000000
-0.000000 -0.000000 -0.000000 81.464140
RESULTSET_END
RESULTSET_BEGIN
92224 1 1 0
-356427.977246 1175285.687217 82943.122408
483971.599265 12874.557872 18309.195611
12874.557872 464316.257285 3297.754201
18309.195611 3297.754201 508642.380049
4557.003758 396.292641 -820.240470
396.292641 2869.907216 -434.716375
-820.240470 -434.716375 3843.157195
-0.000000 -0.000000 -0.000000 81.464140
-0.000000 -0.000000 0.000000 0.708747
0.000000 0.000000 0.000000 81.465938
RESULTSET_END
RESULTSET_BEGIN
92224 1 1 1
0.000000 818857.709970 82943.122408
0.000000 0.000000 0.000000
0.000000 0.000000 0.000000
0.000000 0.000000 0.000000
488528.603023 13270.850513 17488.955141
13270.850513 467186.164502 2863.037826
17488.955141 2863.037826 512485.537244
0.000000 0.000000 0.000000 0.000000
0.000000 0.000000 -0.000000 81.465938
0.000000 0.000000 -0.000000 81.465938
RESULTSET_END
RESULTSET_BEGIN
92224 0 0 0
0.000000 0.000000 0.000000
483971.599265 12874.557872 18309.195611
12874.557872 464316.257285 3297.754201
18309.195611 3297.754201 508642.380049
0.000000 0.000000 0.000000
0.000000 0.000000 0.000000
0.000000 0.000000 0.000000
-0.000000 -0.000000 -0.000000 81.464140
0.000000 0.000000 0.000000 0.000000
-0.000000 -0.000000 -0.000000 81.464140
RESULTSET_END
RESULTSET_BEGIN
92224 0 1 0
